2.00E-02
2.33E-02
6.67E-03
2.33E-02
2.67E-02
2.67E-02
2.67E-02
1.00E-02
6.67E-03
1.00E-02
1.33E-02
2.33E-02
2.00E-02
3.33E-02
1.00E-02
3.67E-02
2.00E-02
2.00E-02
2.33E-02
1.33E-02
2.33E-02
2.00E-02
2.00E-02
1.67E-02
2.67E-02
3.33E-02
2.00E-02
1.33E-02
3.00E-02
3.67E-02
3.00E-02
2.00E-02
6.67E-03
2.33E-02
1.00E-02
2.00E-02
3.00E-02
1.67E-02
2.00E-02
2.00E-02
3.33E-02
2.00E-02
3.33E-02
1.67E-02
1.67E-02
2.00E-02
1.67E-02
2.33E-02
2.33E-02
6.67E-03
2.00E-02
1.33E-02
1.00E-02
1.67E-02
2.00E-02
1.33E-02
1.67E-02
1.33E-02
1.67E-02
2.33E-02
1.33E-02
