1.04
1.07
1.09
1.09
1.15
1.10
1.00
1.04
1.08
1.14
1.08
1.16
1.11
1.25
1.24
1.26
1.28
1.40
1.37
1.44
1.42
1.43
1.25
1.20
1.15
1.17
1.07
0.95
0.99
1.06
0.89
0.98
0.92
0.91
0.97
0.95
0.98
0.94
1.05
0.90
0.88
0.87
0.83
0.97
0.84
0.90
0.85
0.85
0.90
0.88
0.90
0.95
0.84
0.90
0.88
0.88
0.86
0.85
0.78
0.98
0.89
0.85
0.85
0.88
0.80
0.86
0.81
0.78
0.79
0.87
0.81
0.78
0.70
0.86
0.76
0.75
0.72
0.78
0.66
0.67
0.85
0.75
0.80
0.73
0.80
0.81
0.72
0.77
0.80
0.82
0.85
0.91
0.93
0.97
0.98
1.01
1.21
1.22
1.51
1.59
1.67
1.84
1.94
1.84
1.79
1.75
1.64
1.58
1.06
0.94
0.99
0.86
0.89
0.79
0.84
0.72
0.71
0.77
0.69
0.67
0.75
0.73
0.71
0.77
0.76
0.69
0.71
0.67
0.68
0.66
0.67
0.73
0.74
0.69
0.61
0.68
0.67
0.67
0.65
0.66
0.67
0.59
0.68
0.70
0.66
0.58
0.61
0.64
0.63
0.66
0.59
0.61
0.56
0.56
0.65
0.69
0.52
0.61
0.65
0.60
0.59
0.56
0.67
0.55
0.52
0.66
0.58
0.61
0.57
0.50
0.53
0.64
0.61
0.59
0.54
0.54
0.52
0.58
0.58
0.59
0.52
0.52
0.59
0.47
0.56
0.45
0.51
0.53
0.61
0.57
0.54
0.54
0.50
0.63
0.58
0.54
0.52
0.58
0.58
0.54
0.57
0.50
0.57
0.61
0.60
0.60
0.50
0.56
0.52
0.55
0.59
0.65
0.58
0.61
0.62
0.66
0.84
0.92
1.16
1.33
1.57
1.94
2.45
2.86
3.49
4.18
5.09
6.26
7.45
9.06
10.05
10.98
11.44
10.95
10.08
8.37
7.29
5.93
4.53
3.60
3.03
2.51
1.83
1.46
1.08
0.89
0.86
0.78
0.76
0.79
0.73
0.59
0.63
0.61
0.64
0.63
0.60
0.65
0.72
0.66
0.73
0.59
0.62
0.68
0.68
0.65
0.75
0.65
0.88
1.08
1.23
1.50
1.81
2.18
2.64
3.29
3.70
4.87
5.51
6.27
7.01
7.69
7.63
7.46
7.16
6.01
5.10
4.08
3.24
2.76
2.20
1.81
1.46
1.14
0.98
0.77
0.78
0.65
0.60
0.67
0.68
0.65
0.59
0.61
0.61
0.69
0.61
0.63
0.67
0.73
0.57
0.67
0.68
0.62
0.62
0.71
0.57
0.60
0.62
0.63
0.58
0.57
0.55
0.62
0.55
0.55
0.52
0.55
0.54
0.59
0.42
0.49
0.51
0.48
0.51
0.45
0.47
0.49
0.54
0.54
0.44
0.42
0.44
0.46
0.47
0.45
0.47
0.47
0.51
0.43
0.37
0.52
0.44
0.46
0.39
0.48
0.50
0.45
0.51
0.54
0.43
0.42
0.57
0.53
0.53
0.61
0.58
0.58
0.63
0.59
0.60
0.58
0.57
0.58
0.52
0.56
0.59
0.47
0.51
0.48
0.49
0.53
0.47
0.49
0.46
0.40
0.44
0.46
0.48
0.42
0.46
0.45
0.47
0.50
0.52
0.49
0.49
0.49
0.54
0.52
0.56
0.51
0.56
0.57
0.56
0.52
0.60
0.54
0.52
0.59
0.58
0.55
0.61
0.67
0.66
0.66
0.76
0.73
0.90
0.96
0.92
0.99
1.13
1.16
1.22
1.26
1.28
1.22
1.32
1.22
1.15
1.19
1.14
1.25
1.12
1.16
1.23
1.23
1.25
1.22
1.42
1.41
1.53
1.71
1.92
2.02
2.37
2.57
2.77
2.94
3.51
4.27
4.89
5.83
7.20
8.93
11.43
14.39
17.51
21.37
26.76
32.36
39.76
48.28
58.26
66.54
72.33
77.57
77.80
76.01
68.79
63.56
55.15
47.37
40.44
33.30
27.90
21.96
17.73
14.29
10.84
8.25
6.35
4.87
3.73
3.15
2.42
1.91
1.69
1.32
1.16
1.02
1.00
0.83
0.89
0.82
0.73
0.84
0.83
0.75
0.73
