6.33E-02
8.00E-02
6.67E-02
5.00E-02
9.00E-02
6.33E-02
6.67E-02
6.00E-02
8.33E-02
6.00E-02
4.67E-02
6.33E-02
9.00E-02
8.00E-02
1.17E-01
1.03E-01
1.53E-01
1.73E-01
2.20E-01
2.97E-01
3.50E-01
4.13E-01
5.13E-01
6.57E-01
7.34E-01
8.84E-01
1.21E+00
1.51E+00
1.81E+00
2.21E+00
2.44E+00
2.53E+00
2.25E+00
1.91E+00
1.44E+00
9.30E-01
6.94E-01
5.33E-01
3.57E-01
3.03E-01
2.43E-01
1.73E-01
1.60E-01
1.20E-01
1.10E-01
9.00E-02
7.67E-02
7.00E-02
3.67E-02
3.67E-02
6.33E-02
7.00E-02
2.67E-02
4.67E-02
3.00E-02
2.33E-02
3.33E-02
4.00E-02
5.00E-02
3.00E-02
7.33E-02
