6.00E-02
4.33E-02
8.33E-02
7.33E-02
9.67E-02
5.67E-02
1.03E-01
7.67E-02
9.00E-02
1.00E-01
9.67E-02
1.07E-01
1.40E-01
1.40E-01
1.70E-01
1.60E-01
1.80E-01
1.87E-01
2.23E-01
2.03E-01
2.60E-01
2.77E-01
4.27E-01
3.83E-01
4.10E-01
4.13E-01
4.60E-01
5.27E-01
5.17E-01
5.37E-01
5.60E-01
5.00E-01
5.43E-01
5.00E-01
5.23E-01
5.30E-01
4.83E-01
4.60E-01
4.20E-01
3.40E-01
4.23E-01
3.50E-01
3.47E-01
2.87E-01
3.23E-01
3.27E-01
3.17E-01
3.00E-01
2.73E-01
2.63E-01
2.33E-01
2.63E-01
2.67E-01
2.30E-01
2.23E-01
2.43E-01
1.73E-01
2.17E-01
1.97E-01
2.07E-01
1.70E-01
