7.031299653
7.659219924
8.566536277
9.037319542
9.905484195
10.67669324
12.45373453
13.78097447
15.59736427
16.52203722
17.98359716
18.94103178
20.18501528
20.81779128
22.21402102
22.61622037
22.92650034
24.00810953
24.78676464
25.80538425
26.82502926
27.77374101
28.5141472
29.3511826
30.23699633
29.86266288
30.93108035
31.2095345
31.45367439
31.55341039
31.99030063
32.33788295
32.33099898
32.9197471
32.79921534
33.06440409
33.78455103
33.32621669
34.43277471
34.24309205
36.08623504
35.83752659
34.17412531
34.02586264
34.81224618
34.15343619
34.22584992
33.82591467
34.28102575
33.42958233
33.8155736
35.22292475
36.17951637
37.87042541
42.38284807
48.77449139
50.84734176
46.17535723
42.74790448
44.64481964
50.51792665
57.02413746
62.62117899
66.33628245
68.21311557
66.33984058
61.26420769
55.86821885
49.44980812
44.43581238
40.83020973
38.9368983
38.50394196
51.26451911
83.7167951
117.2460275
117.4328244
91.96267939
72.50306558
76.65271271
98.39367964
124.6910345
146.6866786
160.873425
163.5733578
154.7312511
138.0770135
121.2131925
97.39974866
77.12000388
63.42628496
53.42322764
45.25118241
41.00029424
38.99579457
35.91696852
34.23274674
32.60983715
31.62563912
30.65957515
29.29627387
29.3546145
27.43799419
26.51697461
26.07559288
25.30620098
24.85167961
23.99786806
24.06956052
23.24369802
23.16183103
23.02540077
22.96401316
23.07314927
23.20617483
21.97550377
21.26028948
21.43734302
21.6621095
20.73952331
20.73952331
20.99476731
20.59661483
21.01859337
22.17312835
22.52076876
21.73704277
20.24963551
19.7225911
18.78818874
18.27548451
19.31814357
20.71910657
23.59170665
26.77025715
31.81139372
48.79547899
68.28797463
62.10723301
38.42776067
23.14477624
19.11088452
18.33319317
17.96323607
17.91572848
17.481477
17.73589855
16.88129645
16.96604606
17.46112605
18.68970216
20.00818103
18.93084152
17.26781247
15.67184862
15.47887778
15.39086826
15.08966309
15.13026978
14.8189937
15.27579049
15.77681319
18.87649523
41.49335239
104.0745403
202.6067851
243.7245828
183.6166879
89.07466179
33.91898901
17.50522029
14.57545341
14.2440626
14.14263822
13.77083624
13.88574219
13.16948371
13.6491854
13.01075954
12.53136195
12.38961204
12.4638595
12.40986081
11.39455013
12.01170991
11.5429037
11.1855436
11.33049512
11.20913893
11.20239735
11.57325144
11.53615988
11.24958937
11.24621844
10.85863664
10.59920883
10.43752147
10.3331122
10.23881637
10.07381996
10.06035206
9.959348572
9.720347414
9.599185442
9.706884251
9.541975145
9.454483344
8.93978203
9.161777706
9.094501108
9.144958134
8.774998786
8.875883278
8.741372874
8.929692483
8.72456034
8.210232835
8.526193692
8.388368753
8.408537075
8.048929459
8.216954372
8.50938476
8.032128514
7.880932661
7.702886742
7.793585434
7.756633126
7.807022974
7.672655666
7.330100417
7.494646681
7.289807484
7.457705375
7.128651929
7.105152239
7.04137014
7.017872494
7.138723393
7.088367083
6.964165655
7.135366227
6.742655322
6.665473816
6.759434696
6.645340486
6.658762661
6.846691964
7.182367572
7.014515732
6.45744889
6.450739126
6.534614394
6.24946709
6.162261747
6.423900522
6.065003193
5.81686892
6.293072604
5.592259751
5.706234236
5.769931503
5.830280014
5.722996283
5.74981614
5.474946604
5.448134098
5.438079592
5.240361478
5.619076112
5.598963774
5.769931503
5.538629181
5.562092202
5.505111531
5.481649843
5.535277366
5.156594375
5.180048459
5.133140841
4.982381217
4.905335053
4.737863818
5.062783528
4.901985354
5.113038248
5.005831225
5.72970118
6.507773546
6.551390289
6.038174906
4.834993727
4.557026306
4.228923028
4.379569359
4.319308109
4.135198961
4.071605478
4.265745595
4.172018084
3.927698289
3.931044733
4.074952403
4.008016032
4.212185944
3.753698595
3.823964065
3.763736218
3.850733159
3.767082114
3.777119871
3.834002391
3.797195686
3.469341076
3.539586603
3.706857687
4.329351399
4.426441725
4.503451087
3.934391188
3.559657658
3.63660043
3.288732336
3.245257317
3.315487131
3.068032537
3.432547765
3.292076646
3.058001883
3.235224888
3.272010951
3.014536878
2.951014495
3.084750516
3.0981251
3.195096178
2.991133426
2.947671323
2.98779012
2.847381361
2.974417009
2.874124368
2.97776027
3.148281382
3.088094145
2.924269433
2.930955632
2.937641875
3.211816279
3.292076646
3.559657658
3.104812459
2.717019423
2.800582815
2.797240145
2.74375895
2.663542512
2.693622923
2.676911472
2.579990554
2.579990554
2.74375895
2.529862727
2.630120892
2.446321923
2.523179206
2.483079018
2.392859467
2.556597256
2.539888091
2.329376508
2.299307038
2.312671135
2.242511613
2.26923847
2.229148452
2.376153035
2.359446882
2.282602166
2.092186335
2.219126198
2.272579378
2.209104045
2.092186335
2.422931747
2.753786456
2.65017373
2.489762271
2.543229902
1.975282279
2.048763234
2.095526651
2.035402659
2.038742786
1.978622205
2.095526651
2.07214467
1.871750086
1.988642051
2.002002002
1.978622205
1.788264183
1.968602459
1.885108477
1.878429259
1.804960806
1.704785242
1.808300164
1.848373331
1.905146398
1.801621459
1.831675984
2.032062543
2.142292253
2.703649927
3.315487131
4.118463442
3.994629294
3.633254969
2.793897487
2.088846029
2.048763234
2.212444751
1.951903106
2.088846029
1.895127387
1.991982022
2.092186335
1.851712834
1.788264183
1.738175983
1.858391874
1.84503384
1.808300164
1.761550164
1.731497746
1.704785242
1.754871771
1.714802347
1.818318306
1.65470122
1.674734528
1.694768237
1.831675984
1.688090289
1.968602459
2.366129309
2.419590338
2.309330094
2.038742786
1.931864249
1.691429258
1.574571997
1.678073452
1.674734528
1.701446229
1.688090289
1.497787511
1.507802545
1.661378945
1.617974529
1.514479289
1.614635806
1.668056714
1.851712834
2.092186335
2.272579378
1.961922684
1.731497746
1.871750086
1.965262566
2.787212204
5.572147951
9.982915145
13.15597429
12.365989
8.378284745
4.57376915
2.36947054
1.581249187
1.617974529
1.527832912
1.481096011
1.45439019
1.451052013
1.357587564
1.407656719
1.374277004
1.30084555
1.307520914
1.234094358
1.367601194
1.410994751
1.357587564
1.327547273
1.240769277
1.16067319
1.16067319
1.240769277
1.143987313
1.073909665
1.224082064
1.2607943
1.180696611
1.217407256
1.220744654
1.083920457
1.184033887
1.187371174
1.250781739
1.110616392
1.250781739
1.15066163
1.067235859
1.13397592
1.040541081
1.100605333
1.063898973
1.073909665
0.9871536625
1.047214709
1.047214709
1.093931349
1.083920457
1.13731304
1.227419484
1.768228602
2.910897171
3.887541831
4.600558281
3.710203393
2.69028061
1.678073452
1.30084555
1.060562098
1.184033887
0.8970688525
1.067235859
0.9604610213
0.9838170434
1.023857207
0.8737148555
1.010510308
0.867042385
1.04387789
0.8703786147
0.9437784822
0.8637061665
0.9437784822
0.8703786147
0.8603699591
0.8570337628
0.8703786147
0.8236724118
0.8737148555
0.8403529482
0.8136642235
0.8737148555
0.8737148555
0.8970688525
0.7702965642
0.8403529482
0.6869025032
0.7502813555
0.8236724118
0.7602889098
0.8069921535
0.796984132
0.8069921535
0.7769683894
0.7769683894
0.796984132
0.8870599299
0.7202592933
0.7702965642
0.7269307849
0.7135878463
0.6035153938
0.6902381322
0.7002450858
0.7769683894
0.7803043187
0.8036561352
0.6735600986
0.6702245252
0.7235950335
0.6635534119
0.7235950335
0.7269307849
0.6835668854
0.7069164438
0.8136642235
0.6935737722
0.796984132
0.8136642235
0.6268630838
0.6835668854
0.6368694034
0.666888963
0.6101861068
0.6935737722
0.5935094078
0.5768329868
0.573497736
0.7035807592
0.656882343
0.543480979
0.5968447253
0.6101861068
0.6101861068
0.6268630838
0.6035153938
0.7069164438
0.6301985125
0.6201922596
0.5801682488
0.543480979
0.5501512916
0.5001250313
0.4767802993
0.5668272677
0.5668272677
0.5034600374
0.5501512916
0.4901200794
0.656882343
0.5935094078
0.5101300832
0.543480979
0.470110476
0.5268053921
0.6535468253
0.4767802993
0.6068507447
0.5034600374
0.5668272677
0.5701624963
0.5401458394
0.5935094078
0.5568216487
0.5634920503
0.5334755935
0.5301404872
0.5334755935
0.5268053921
0.5034600374
0.4400968213
0.4200882185
0.4034146886
0.4267577083
0.4434316273
0.4134187732
0.4901200794
0.4934550522
0.4400968213
0.4734453821
0.4834501671
0.4400968213
0.4267577083
0.4934550522
0.4601058243
0.4067493724
0.4734453821
0.4967900362
0.3834068196
0.4467664445
0.4334272426
0.3767376189
0.4334272426
0.4200882185
0.4334272426
0.4634406971
0.4501012728
0.4934550522
0.4100840672
0.4067493724
0.4067493724
0.4167534903
0.3700684627
0.3867414367
0.3767376189
0.3834068196
0.4167534903
0.3667339012
0.3367233484
0.3800722137
0.3533957666
0.3633993509
0.323385614
0.3667339012
0.3667339012
0.3200512082
0.3633993509
0.4367620264
0.400080016
0.3800722137
0.3767376189
0.3767376189
0.3567302836
0.3533957666
0.3667339012
0.3433922823
0.346726766
0.3633993509
0.3133824299
0.3500612607
0.273370694
0.2967106788
0.3067136961
0.346726766
0.2967106788
0.2900420561
0.3900760648
0.2967106788
0.4067493724
0.2466970926
0.3700684627
0.2500312539
0.3133824299
0.2200242027
0.3033793459
0.266702227
0.330054459
0.2833734779
0.2900420561
0.2933763619
0.3033793459
0.323385614
0.3400578098
0.3167168135
0.2900420561
0.2867077614
0.3267200309
0.346726766
0.3333888981
0.3767376189
0.3800722137
0.3167168135
0.2967106788
0.223358275
0.2600338044
0.2500312539
0.2400288035
0.2867077614
0.2333605587
0.3033793459
0.266702227
0.2500312539
0.2266923585
0.3133824299
0.2166901414
0.2466970926
0.2700364549
0.2433629425
0.2366946755
0.266702227
0.2767049442
0.2366946755
0.3533957666
0.2767049442
0.3333888981
0.3667339012
0.400080016
0.2833734779
0.2400288035
0.2900420561
0.2400288035
0.273370694
0.2867077614
0.2833734779
0.2633680101
0.2967106788
0.3200512082
0.266702227
0.2600338044
0.2400288035
0.2767049442
0.2400288035
0.2800392055
0.2166901414
0.2600338044
0.2266923585
0.1400098007
0.2066880244
0.2100220523
0.2200242027
0.2400288035
0.2200242027
0.230026453
0.1900180517
0.2333605587
0.1966860075
0.193352024
0.2166901414
0.2133560913
0.200020002
0.1666805567
0.2033540077
0.2166901414
0.2133560913
0.1966860075